1.96 1.57 0.79 0.0 0.0 2.75 0.0 0.79 2.75 0.0 0.0 0.0 2.75 0.0 0.0 0.0 2.75 2.75 1.18 2.75 2.75 1.96 1.96 0.0 0.0 1.18 0.0 2.75 0.79 1.96 0.0 2.75 2.75 0.0 1.18 0.79 0.0 0.79 0.0 0.79 0.0 2.75 0.79 1.96 2.75 0.0 0.0 0.0 1.57 1.96 2.75 0.0 0.0 2.75 0.0 0.0 0.0 0.0 2.75 0.0 0.79 0.0 0.0 1.18 2.75 0.0 0.0 2.75 1.96 0.0 0.0 0.0 0.0 2.36 0.0 0.0 2.36 0.79 2.75 2.75 1.96 2.75 0.0 2.75 2.75 2.75 2.75 2.75 0.0 0.0 1.96 0.0 0.0 0.79 2.75 0.0 
0.79 2.75 2.75 0.0 2.75 0.0 0.0 2.75 0.0 0.0 2.75 0.0 0.0 2.75 2.75 2.75 2.75 0.0 0.79 0.0 0.0 0.0 2.75 0.0 0.0 0.0 2.75 0.0 2.75 2.75 0.0 1.57 0.0 2.75 0.0 0.0 2.75 0.79 0.79 1.18 0.79 0.0 1.57 1.57 2.75 2.36 2.75 0.0 0.0 2.75 0.0 0.0 2.36 0.79 2.75 0.0 0.0 0.79 2.36 2.75 0.0 2.75 0.0 0.0 0.0 0.0 2.75 0.0 0.0 2.36 2.75 0.0 0.0 0.0 1.18 0.79 1.96 1.57 2.75 2.75 0.79 0.79 1.57 0.79 2.75 2.75 2.75 2.75 0.0 2.75 0.79 1.18 2.75 0.0 2.75 0.0 
1.96 0.0 2.75 0.79 0.79 0.79 1.18 1.18 0.79 0.0 0.0 0.79 0.0 2.75 1.96 2.75 2.75 0.0 2.75 0.0 2.75 0.0 0.0 0.0 0.0 2.75 1.96 0.0 2.75 2.75 2.36 0.0 0.0 2.75 0.0 0.79 0.0 0.79 0.0 0.0 0.0 0.0 0.79 2.75 0.0 0.0 2.36 0.0 0.0 0.0 2.75 0.0 0.79 2.75 2.75 1.57 0.0 0.0 0.0 2.36 2.75 0.0 0.0 2.36 0.0 0.0 0.0 0.0 2.75 0.0 0.0 0.79 0.0 2.75 0.79 1.18 1.57 0.0 0.0 1.96 0.79 0.0 2.75 2.75 2.75 2.75 0.0 2.75 2.75 2.36 0.0 1.57 0.0 0.0 0.0 0.0 
1.18 2.75 0.0 0.0 2.75 0.0 0.0 1.57 0.79 0.0 2.75 2.75 0.0 2.75 2.75 0.0 0.0 0.0 0.0 0.79 0.0 2.75 0.0 2.75 0.0 0.0 0.0 1.96 2.75 0.0 2.75 2.75 2.36 0.0 0.0 0.0 0.79 1.18 2.75 2.75 2.36 1.18 0.0 0.0 0.0 2.75 0.0 0.79 2.36 2.75 0.0 0.0 0.0 0.0 0.0 0.0 1.18 0.0 1.57 0.0 0.0 0.0 0.0 0.79 0.0 0.0 1.96 0.79 1.57 1.96 0.0 0.0 0.0 1.57 0.0 0.0 2.36 1.96 1.57 0.79 0.79 0.0 0.0 0.0 2.75 2.75 1.96 0.0 2.75 2.75 2.75 0.0 0.79 0.79 0.0 0.0 
2.75 2.75 2.75 0.0 0.0 1.96 1.57 0.0 0.0 0.0 0.0 0.0 0.0 1.57 1.57 0.0 0.0 0.0 1.57 2.75 0.0 0.0 2.36 0.79 0.79 0.0 2.36 0.0 0.0 2.75 0.0 0.0 0.0 0.0 0.0 0.0 2.75 2.75 2.75 2.75 0.0 2.36 1.57 0.0 2.36 0.79 2.36 0.0 2.75 1.18 0.79 2.75 2.36 0.0 0.0 1.96 0.0 1.18 1.18 0.0 2.75 0.0 1.18 0.79 2.36 0.0 1.96 0.79 0.0 2.36 2.75 0.0 0.0 0.79 0.0 0.0 0.0 0.0 1.96 0.0 0.79 0.0 2.75 2.75 0.0 0.0 1.18 1.96 2.75 0.0 0.0 0.0 0.0 0.0 2.75 0.0 
1.18 2.75 2.36 2.75 2.75 0.0 0.0 0.0 1.96 0.0 2.36 1.57 2.75 0.0 0.0 1.18 2.75 0.0 0.79 2.36 0.79 2.75 2.36 0.79 0.0 0.0 2.75 2.75 0.0 0.0 2.75 1.57 1.57 2.75 0.0 1.57 2.75 2.75 2.75 0.0 0.0 2.36 1.57 0.0 0.0 0.0 2.36 1.57 0.79 0.79 1.57 0.0 0.0 0.79 2.75 1.18 0.79 1.18 0.0 0.0 0.0 0.0 2.75 2.75 2.75 2.75 0.0 2.75 0.0 1.18 2.36 1.57 2.36 1.96 0.79 0.0 1.18 0.0 0.79 2.75 2.75 0.0 0.79 0.79 0.0 0.0 0.0 1.18 0.0 1.57 1.96 0.79 0.79 2.36 0.0 0.0 
0.0 0.0 0.0 2.75 1.57 2.75 2.75 2.75 0.0 0.0 0.0 2.75 2.75 2.75 0.0 2.75 0.0 0.0 1.96 0.79 0.0 2.75 2.75 0.79 0.0 0.0 0.79 0.0 0.0 1.18 0.0 0.79 2.75 0.0 0.79 2.75 0.0 0.79 0.0 0.0 2.75 1.96 1.18 0.0 1.18 0.0 0.79 0.0 0.0 0.0 0.0 0.0 0.0 2.75 1.96 0.0 0.79 0.79 0.0 1.57 1.18 2.75 2.75 0.0 2.75 2.75 2.75 2.75 1.96 0.0 0.0 1.18 0.0 2.75 0.0 0.0 0.0 0.79 0.0 2.36 0.79 2.75 1.18 0.0 0.79 2.75 2.75 1.18 0.0 0.0 0.0 2.75 0.0 2.75 0.0 0.0 
2.75 2.75 0.0 0.79 1.96 1.18 2.75 2.75 0.79 1.57 0.79 2.36 2.75 0.0 0.0 2.36 1.57 0.79 1.18 0.0 0.0 0.0 0.0 0.0 0.0 0.0 0.0 1.96 0.79 0.79 2.75 0.0 0.0 2.75 0.0 2.75 0.0 0.0 0.0 0.0 1.57 0.79 0.0 2.75 1.57 2.75 1.57 1.57 0.0 0.0 2.75 0.79 0.0 2.75 1.96 0.0 1.96 2.36 0.0 0.0 0.0 0.0 0.0 0.0 0.0 2.75 0.0 0.0 2.75 0.0 0.0 2.75 0.0 1.96 2.75 1.96 0.0 0.79 0.0 0.0 0.0 0.79 0.0 2.75 0.79 0.0 0.79 0.0 0.0 0.79 2.75 2.75 0.79 0.79 1.57 0.0 
2.75 2.75 0.0 0.0 0.0 1.57 0.0 1.57 2.75 2.75 2.75 0.0 0.0 0.0 0.0 0.79 0.0 0.0 1.18 2.75 0.0 0.0 1.57 0.0 0.0 0.0 0.79 0.79 0.79 0.0 0.0 0.0 0.0 0.79 0.0 1.18 1.96 2.36 0.0 0.0 0.0 0.0 0.0 2.75 1.96 2.75 0.0 0.0 2.75 0.0 0.79 0.0 0.0 0.0 0.0 1.57 2.75 2.75 0.0 0.0 2.75 0.0 0.0 0.0 1.18 1.57 1.18 0.79 1.18 0.79 0.0 0.0 0.0 0.79 0.0 0.79 0.0 2.75 2.36 0.79 0.79 1.18 0.79 2.36 2.36 0.0 0.0 0.0 0.0 1.57 1.96 0.0 0.0 0.0 2.36 0.0 
2.75 2.75 0.0 2.75 2.75 2.75 2.75 2.75 2.75 2.75 0.0 0.79 0.0 0.0 0.0 2.75 0.0 0.0 0.0 1.57 0.0 1.96 2.75 0.0 2.75 2.75 2.75 2.75 0.0 2.75 2.75 0.0 0.0 0.79 0.0 1.96 1.57 0.79 0.0 2.75 1.57 1.18 1.57 1.57 1.57 2.36 2.75 0.0 2.75 2.75 2.75 2.75 2.75 1.18 2.75 2.75 2.36 1.96 2.75 1.96 1.18 1.18 2.75 0.0 1.96 0.0 2.75 0.0 2.36 0.0 1.57 2.75 2.75 2.75 0.0 2.75 2.75 2.75 0.0 0.0 0.0 0.0 0.0 0.0 0.0 2.36 0.0 1.18 1.18 1.18 0.0 2.75 0.79 2.75 2.75 0.0 
2.75 0.0 1.57 0.0 0.0 2.75 0.79 0.79 0.0 1.18 2.75 1.96 2.75 0.79 0.79 0.0 0.0 0.0 2.75 0.0 2.75 0.79 0.0 0.0 2.75 2.75 0.79 2.75 1.96 0.79 0.0 1.96 0.0 1.96 0.0 0.0 0.0 0.0 0.79 0.79 1.96 2.75 0.0 0.0 2.36 0.79 0.0 2.75 0.79 0.0 0.0 0.79 0.79 2.75 0.0 2.75 2.36 2.75 0.0 2.75 0.0 0.0 0.0 0.0 1.57 0.0 0.0 0.0 1.96 2.75 0.0 0.0 1.18 2.75 2.36 2.75 1.57 1.96 0.0 2.75 0.0 2.75 2.75 0.79 2.75 0.79 1.18 0.0 0.79 1.96 0.0 0.79 0.0 2.36 1.57 0.0 
2.75 0.0 2.75 0.0 0.0 0.0 0.79 2.75 2.75 0.0 0.0 0.0 0.0 0.0 2.75 0.79 0.0 0.0 0.0 1.96 1.96 0.0 0.0 0.0 0.0 0.0 2.75 2.36 0.0 0.0 2.75 0.0 0.0 0.0 1.96 2.75 0.79 0.0 0.0 0.0 2.75 2.75 1.57 0.0 1.57 1.18 0.0 1.96 0.0 0.0 2.36 1.96 1.57 2.75 1.18 1.18 0.0 2.75 2.75 2.36 2.75 2.75 2.36 0.0 0.0 0.0 0.0 1.96 2.75 0.0 2.75 2.75 2.36 2.36 2.75 0.0 2.36 2.75 0.0 2.75 2.36 0.0 0.79 0.79 0.0 0.0 0.0 1.18 2.75 0.79 0.0 0.0 0.0 0.0 1.57 0.0 
2.75 2.75 0.0 2.75 2.75 0.79 0.79 0.0 0.79 2.75 0.0 0.79 2.36 0.0 1.57 1.96 0.0 0.79 0.0 0.0 2.75 2.75 2.36 0.0 0.79 2.75 1.96 0.0 0.0 2.75 0.0 0.0 0.0 1.96 1.96 2.75 0.0 0.0 2.75 1.57 0.79 0.79 0.0 2.75 1.18 0.0 0.0 0.0 2.75 1.18 0.79 2.75 1.96 2.75 0.0 2.75 2.75 0.0 0.0 1.18 0.0 1.57 2.75 1.18 2.36 0.79 0.0 1.18 0.79 0.0 2.75 0.0 0.0 0.0 2.75 0.0 2.36 2.75 2.75 2.75 0.79 2.36 2.75 0.0 1.96 0.0 2.75 2.75 2.75 2.75 2.75 0.0 2.75 0.0 0.0 0.0 
0.0 0.0 0.79 0.0 1.57 2.75 1.57 1.18 0.79 0.79 0.0 1.18 0.0 2.75 0.79 1.96 1.57 0.0 1.18 0.0 0.0 0.0 2.75 2.36 0.0 1.18 0.79 1.96 0.0 0.0 1.96 1.18 2.75 2.75 0.0 2.75 2.75 0.0 0.0 0.0 0.0 0.0 0.0 0.0 2.75 0.0 1.96 0.0 0.79 0.0 0.0 2.75 0.0 0.0 0.0 0.79 0.0 2.36 0.0 0.0 2.75 0.0 0.79 0.0 0.0 0.0 2.75 2.75 0.0 2.75 2.75 2.75 2.36 0.0 0.0 0.79 0.79 0.0 0.0 2.75 2.75 1.18 2.75 2.36 1.96 0.0 0.0 0.0 0.0 0.0 0.79 0.0 2.75 2.75 0.0 0.0 
2.36 0.0 2.36 0.0 0.0 0.79 2.75 1.18 0.79 0.0 0.79 0.0 0.0 2.75 0.0 0.0 0.0 2.36 0.79 2.75 0.0 1.18 1.57 0.0 2.75 1.18 0.79 0.0 2.75 0.79 0.0 1.18 1.96 0.0 0.79 1.18 2.75 0.0 0.0 2.75 2.75 0.0 2.75 0.79 0.0 0.79 0.79 1.18 0.79 0.0 0.0 0.0 0.0 0.0 0.0 0.0 2.75 2.75 0.0 0.0 2.36 0.79 0.0 0.0 0.79 0.79 0.79 2.75 0.0 2.75 2.75 0.0 2.75 2.36 0.0 0.79 1.18 0.0 2.75 2.36 1.18 0.79 2.75 0.0 0.0 0.0 2.75 1.57 0.0 1.96 1.96 0.0 0.0 2.75 0.0 0.0 
0.0 0.0 1.96 0.0 1.57 0.79 1.57 1.18 0.0 0.0 1.18 0.0 2.75 2.75 2.75 2.75 2.75 0.0 0.0 0.0 0.0 0.0 1.18 0.0 0.0 0.0 2.75 0.0 0.0 0.0 0.0 0.79 1.18 0.0 0.0 0.0 2.36 0.79 0.0 0.79 0.0 0.79 0.0 0.0 1.18 0.0 1.18 0.79 0.79 2.75 0.0 1.18 0.79 2.75 2.75 2.75 0.0 0.0 0.0 2.75 2.36 0.0 0.0 1.96 0.79 0.79 0.0 0.79 0.0 2.75 0.0 2.75 2.75 0.79 2.36 0.0 1.18 2.75 0.0 1.96 0.0 2.36 0.79 0.0 0.0 0.0 0.0 2.75 0.0 2.75 2.75 2.75 0.0 0.0 0.0 0.0 
0.79 0.79 0.0 2.75 1.18 1.57 1.18 1.57 0.0 0.0 0.79 1.57 0.0 2.36 1.18 0.0 0.0 2.75 0.0 0.79 1.18 0.0 0.79 0.0 0.0 2.36 2.75 0.0 0.0 2.75 0.0 0.0 0.79 0.0 1.18 0.0 0.0 1.96 0.0 0.0 0.0 1.57 0.0 0.0 0.79 0.79 1.57 2.75 1.18 0.0 0.0 0.0 0.0 0.0 0.0 0.79 0.0 1.18 0.0 0.0 0.0 0.0 1.57 1.96 2.75 0.0 0.0 0.0 0.0 0.0 0.0 2.75 0.0 0.0 1.96 1.96 2.36 2.75 1.18 1.57 1.96 0.0 1.18 0.0 0.0 0.0 0.0 0.0 0.0 2.36 0.0 0.0 0.79 0.0 2.75 0.0 
1.96 0.0 0.0 0.0 0.0 0.79 2.75 1.18 0.0 0.0 0.0 0.79 1.96 0.0 1.18 0.0 2.75 2.36 1.57 0.0 2.75 1.57 0.0 0.0 2.75 0.0 0.79 0.0 2.36 0.0 0.0 1.57 1.57 2.75 1.57 0.0 0.0 0.0 2.36 0.0 2.75 0.0 0.0 0.0 0.0 2.75 0.0 2.75 2.75 2.75 0.0 1.96 0.0 0.0 0.0 2.75 0.79 0.0 1.57 0.79 0.0 0.79 1.18 1.18 1.18 0.0 0.79 0.79 0.0 0.0 0.0 2.36 0.0 0.79 1.57 2.75 2.75 2.75 2.75 2.75 0.0 2.75 2.75 0.79 0.79 0.79 1.57 0.0 1.18 0.0 0.0 2.75 0.0 0.79 1.57 0.0 
0.79 0.0 1.18 2.75 0.0 0.79 2.75 2.75 1.18 1.57 0.0 0.0 0.0 1.57 0.79 0.0 0.0 1.18 2.36 1.96 0.0 0.0 0.0 0.0 2.75 0.79 0.0 1.18 2.36 2.75 0.0 0.0 2.75 0.0 2.75 0.0 1.57 0.0 0.0 2.36 0.79 0.79 0.0 0.0 2.75 2.75 0.0 0.0 0.0 0.0 2.75 0.0 0.79 0.79 2.75 0.0 0.0 0.0 0.79 0.0 2.36 0.0 1.57 1.57 0.79 0.79 1.57 0.0 0.0 2.75 0.0 2.75 2.75 0.0 2.75 0.0 2.75 2.75 0.0 2.75 0.0 0.0 0.0 1.96 1.57 1.57 1.18 2.75 0.0 0.0 0.0 1.57 0.0 0.79 0.0 0.0 
0.0 0.0 0.0 0.79 0.0 2.75 0.0 0.79 2.75 0.0 0.0 0.0 0.0 2.75 0.0 0.0 0.0 0.0 0.0 0.0 0.79 1.96 1.57 1.18 1.96 2.36 2.36 0.0 2.75 2.36 0.0 0.0 0.0 1.96 2.36 2.75 0.0 2.36 0.0 1.96 1.18 1.57 1.18 0.0 0.0 0.0 1.18 1.18 1.96 0.79 1.57 0.0 1.57 0.0 0.0 2.75 2.75 0.0 0.0 0.0 0.79 2.75 2.75 1.57 0.79 0.79 0.0 2.75 0.0 0.0 0.0 2.75 2.36 2.75 2.75 2.75 2.36 2.36 1.96 1.57 0.0 1.18 2.75 2.75 0.79 0.79 0.79 2.75 2.36 1.96 2.75 0.0 2.36 1.18 0.0 0.0 
1.96 0.0 0.0 0.0 0.0 0.79 0.0 1.57 0.0 0.0 0.0 0.0 0.0 0.0 2.36 0.0 0.0 0.0 1.18 0.0 0.79 0.0 0.0 0.0 1.18 0.0 2.36 0.79 0.0 0.79 0.0 0.0 0.0 2.75 1.18 0.0 0.0 2.75 1.96 1.57 2.75 2.75 0.0 0.0 2.75 0.0 0.79 2.75 2.75 2.75 0.0 0.0 1.57 2.36 1.18 0.0 2.75 2.75 2.75 0.0 0.79 0.0 2.36 1.57 1.57 0.79 0.79 1.96 1.57 0.0 0.0 0.0 2.75 0.79 0.0 0.0 0.0 2.75 0.79 1.57 2.75 2.75 2.75 0.79 0.0 0.0 1.18 0.79 0.0 1.18 0.0 0.0 0.0 0.0 0.0 0.0 
2.75 0.79 2.75 0.0 0.0 0.0 1.57 2.75 2.36 1.96 2.75 0.0 0.0 0.0 0.0 0.0 1.18 1.18 1.18 1.57 0.79 1.18 0.0 0.0 0.0 0.79 2.75 0.0 0.0 0.0 0.0 0.79 0.0 0.0 0.0 0.0 0.0 0.79 0.0 0.0 1.18 2.75 0.0 0.0 0.0 0.0 1.96 0.0 0.0 0.0 1.18 0.79 2.75 0.79 0.0 2.36 2.75 0.0 0.0 0.0 2.75 0.0 0.79 1.57 1.57 1.57 1.96 1.96 0.79 0.0 0.79 0.79 0.79 0.0 2.75 0.79 2.36 1.96 1.57 2.75 0.0 0.0 0.0 0.0 0.0 0.0 0.0 0.0 0.79 0.0 0.79 1.18 0.0 0.0 0.0 0.0 
0.0 0.0 2.75 2.75 0.0 2.75 1.18 0.0 1.96 1.96 2.75 1.18 0.79 2.36 2.75 0.0 0.0 0.0 0.0 2.75 0.0 0.0 0.0 2.75 0.0 2.75 1.96 2.75 2.36 1.57 0.0 0.0 2.75 2.75 0.0 0.0 1.57 0.0 0.0 0.0 0.0 1.18 1.18 0.0 1.18 1.18 0.79 0.79 1.18 0.0 0.0 0.0 0.0 0.79 0.0 0.0 0.79 1.57 0.0 0.0 0.0 0.79 1.57 1.57 1.18 1.18 1.57 1.96 0.0 0.0 0.0 0.0 0.0 0.0 2.75 0.0 2.36 2.75 0.79 1.57 0.0 0.0 2.75 2.36 2.75 0.79 2.75 0.79 0.0 0.0 0.0 0.0 2.75 0.0 0.0 0.0 
1.18 2.75 0.0 2.75 2.75 2.75 2.75 2.75 0.0 2.75 2.75 0.0 2.75 0.0 0.0 0.0 0.79 0.0 0.0 1.57 0.79 0.0 2.75 0.0 2.75 2.75 1.18 1.96 2.75 1.96 0.0 2.75 0.79 1.18 2.75 1.18 0.0 0.79 1.96 2.75 0.79 0.0 2.75 2.75 0.0 0.0 2.75 0.0 2.75 2.75 1.96 2.75 0.79 1.18 1.18 2.75 0.0 2.75 0.0 2.75 0.0 2.75 1.96 1.57 1.18 0.0 2.75 1.96 1.96 0.0 0.79 0.0 0.0 0.0 0.0 0.0 0.0 0.0 0.79 0.0 0.0 2.75 0.0 2.75 0.0 2.75 2.75 2.75 0.0 0.0 0.0 0.79 1.57 1.96 0.79 0.0 
0.0 0.0 1.18 1.96 2.75 0.0 2.75 0.0 2.75 2.75 0.0 0.0 0.0 0.0 0.79 2.75 0.0 2.75 2.75 0.79 1.18 0.0 1.18 0.0 0.0 1.57 1.18 0.79 2.75 0.0 0.0 0.0 0.0 2.36 0.0 0.79 2.75 0.0 1.96 0.0 2.75 1.96 0.79 2.75 2.75 2.75 2.75 2.36 1.96 2.75 2.75 1.57 0.0 0.79 2.36 2.36 1.18 0.0 0.0 0.0 0.79 1.57 2.75 1.57 1.57 1.57 1.18 1.96 0.0 0.0 0.0 0.0 0.0 1.18 0.0 2.75 0.79 1.57 1.57 2.36 1.57 0.0 0.79 0.0 0.0 0.0 2.75 2.75 1.57 1.18 0.0 0.0 0.0 0.79 1.18 0.0 
2.75 1.96 1.57 2.75 0.79 1.96 1.18 0.0 0.0 2.36 2.36 2.36 2.36 2.75 0.0 0.0 0.79 0.0 0.0 2.75 1.57 0.79 1.96 0.0 0.0 0.0 2.75 0.79 1.57 1.57 0.0 2.75 0.0 1.57 0.0 2.75 0.79 2.75 0.0 2.75 0.79 0.0 1.18 0.0 2.75 0.79 0.79 0.0 0.0 2.75 0.0 0.0 0.0 0.0 0.0 2.75 1.57 2.75 1.96 0.79 2.75 0.79 1.96 1.57 1.96 1.57 0.0 2.36 0.79 0.79 0.0 0.0 2.75 0.0 0.0 0.79 2.36 0.0 1.96 0.0 0.0 1.57 2.75 0.0 0.79 0.0 2.36 0.0 2.75 1.96 1.18 0.0 0.0 0.79 1.57 0.0 
1.18 0.0 0.0 0.0 0.0 2.36 0.79 0.0 0.0 0.0 0.0 0.0 2.75 0.0 0.0 0.0 2.75 0.0 0.0 0.79 0.0 0.0 0.0 0.0 0.0 0.0 0.0 0.0 0.0 1.96 0.0 0.79 0.0 0.0 0.0 0.0 0.79 2.36 0.0 0.0 0.0 0.0 0.0 0.0 0.0 2.75 0.0 0.0 2.75 0.79 1.96 0.0 0.0 0.0 2.75 1.57 2.75 1.96 2.75 0.79 0.79 0.0 1.57 1.96 1.18 1.96 0.0 2.36 1.96 1.96 0.0 1.96 0.79 0.79 0.0 1.57 0.79 1.96 0.79 0.79 0.0 0.0 0.0 0.0 0.0 0.0 0.0 0.0 1.57 1.57 0.0 0.0 2.75 0.0 0.79 0.0 
0.79 0.79 0.0 2.36 1.18 0.0 1.18 2.75 0.0 0.0 0.0 2.75 0.79 0.0 0.79 0.0 0.0 0.0 2.75 0.79 0.0 1.96 0.0 0.0 0.79 1.18 0.0 0.0 1.18 0.0 2.75 0.0 2.36 2.75 2.36 0.0 2.75 1.18 0.79 0.79 0.79 1.18 1.96 2.75 0.0 0.79 0.79 0.0 0.0 1.18 1.96 1.18 0.0 0.0 0.0 1.18 2.36 0.0 2.36 1.96 2.36 0.79 1.18 1.18 1.57 1.57 2.75 0.0 1.57 0.79 1.18 2.36 2.75 0.0 2.75 2.75 1.18 0.0 2.75 0.79 0.0 0.0 0.0 2.75 1.18 2.75 0.0 2.75 2.75 0.0 2.75 0.0 2.75 0.0 0.0 0.0 
2.75 1.57 0.0 2.75 0.0 1.57 1.96 0.0 0.0 0.79 2.75 0.0 0.0 0.79 1.96 0.0 0.79 0.0 0.79 1.18 1.96 0.0 0.79 0.0 0.0 0.0 0.0 0.0 1.18 0.0 0.0 2.75 2.36 0.0 2.75 0.79 0.0 0.0 0.79 2.75 0.0 0.0 0.79 2.75 1.96 0.79 0.79 0.0 2.75 0.0 1.96 1.57 0.0 2.36 2.75 0.79 1.18 2.75 0.79 2.36 1.96 1.18 1.57 1.18 1.96 2.36 1.57 0.79 1.57 2.75 0.0 0.0 2.75 0.79 0.0 0.0 2.36 0.79 2.75 0.0 0.0 0.0 0.0 0.0 0.0 0.0 2.36 0.79 2.75 2.75 0.79 0.0 0.0 0.0 0.0 0.0 
2.75 0.79 0.0 1.18 1.57 0.0 0.79 1.96 2.75 0.0 2.36 2.75 1.18 0.0 0.0 0.0 2.75 0.79 0.0 1.18 1.96 1.18 0.0 0.0 0.0 0.0 0.0 2.75 0.0 0.0 0.0 0.0 0.0 1.96 2.36 1.57 0.0 0.79 2.36 1.18 0.79 0.79 0.0 1.57 2.75 1.96 0.0 2.36 0.0 1.18 0.0 1.18 0.0 1.18 0.79 0.0 0.0 0.0 2.75 1.96 2.75 0.0 2.75 1.96 1.96 1.96 2.75 1.57 1.96 1.18 0.0 0.0 0.0 1.96 0.0 0.0 0.79 2.75 0.0 1.96 0.0 0.79 2.75 0.79 0.0 0.79 0.0 0.0 1.96 0.0 0.0 0.0 1.96 2.75 2.75 0.0 
0.0 0.0 0.0 0.79 0.0 0.0 2.36 0.0 0.79 0.0 0.0 2.75 0.0 0.0 2.75 0.0 2.36 2.75 0.79 0.0 0.0 0.0 0.79 0.0 0.0 2.75 0.79 0.0 0.0 0.0 0.0 0.0 0.0 2.75 0.0 0.0 2.36 0.79 2.36 0.79 0.79 0.0 0.0 1.18 2.75 1.18 2.36 1.18 2.75 0.0 0.0 2.36 0.79 0.0 2.75 2.75 2.75 2.75 0.0 0.0 0.79 2.36 1.96 2.75 1.57 0.0 2.36 2.75 2.36 0.0 0.0 0.0 2.75 0.0 0.0 0.0 0.0 0.0 0.0 2.75 0.79 0.0 0.0 1.18 0.0 0.0 1.18 0.0 2.36 0.0 0.0 0.0 2.75 0.0 2.75 0.0 
0.0 0.0 0.0 1.18 0.0 0.0 1.57 0.79 0.0 0.0 0.0 1.57 0.0 0.0 2.75 2.75 0.0 1.18 0.0 0.0 0.0 0.79 0.0 0.0 0.0 0.0 0.0 0.0 0.0 0.0 0.0 0.0 2.75 2.75 2.36 0.0 0.0 0.79 0.0 0.0 0.0 0.0 0.0 0.79 0.79 2.36 0.0 1.96 1.96 0.79 0.0 0.0 0.0 0.79 2.75 0.79 2.75 2.75 0.0 0.0 2.75 0.0 2.75 0.79 1.57 1.96 1.57 1.57 1.57 1.57 1.57 2.75 0.0 2.75 2.75 2.36 0.79 0.0 0.0 0.0 0.0 0.79 0.0 0.0 2.75 0.0 0.0 0.0 2.36 0.0 1.18 1.57 2.36 1.96 0.79 0.0 
2.75 0.0 2.75 0.0 0.0 2.75 0.0 0.0 2.75 0.0 0.0 0.0 2.75 2.75 1.18 2.75 0.79 0.79 0.79 0.0 2.75 0.0 0.0 0.0 0.0 0.0 1.18 1.57 1.18 0.0 1.57 0.0 1.57 0.0 0.79 2.75 2.75 0.0 2.36 0.0 2.75 0.0 2.75 0.0 0.0 2.36 0.0 2.75 0.0 0.0 2.75 0.0 0.0 0.0 0.0 2.75 1.18 2.75 2.75 2.36 1.96 2.75 1.96 0.0 1.57 1.96 1.57 1.57 2.36 1.57 2.75 1.18 2.75 0.0 0.0 2.75 2.75 0.0 2.75 0.0 0.0 0.0 2.75 0.0 2.75 0.79 0.0 2.75 2.75 2.75 2.75 2.75 2.75 2.75 0.0 0.0 
1.18 0.79 0.79 0.0 1.18 0.0 0.0 2.75 2.75 0.0 0.0 0.0 0.0 0.0 0.0 2.75 2.75 0.0 0.0 0.0 2.75 2.75 0.79 0.0 2.75 0.79 1.57 1.18 1.96 2.36 1.57 0.0 1.96 1.18 0.0 0.0 2.75 0.79 0.79 0.79 0.0 1.96 0.79 1.96 2.75 0.0 2.75 0.0 0.0 0.0 2.75 0.79 2.36 0.0 0.79 1.96 1.96 0.0 2.36 0.0 2.36 1.57 0.0 1.57 1.57 1.96 1.96 0.0 0.0 1.96 1.57 2.36 2.36 2.75 1.57 2.75 2.75 0.0 0.0 0.0 2.75 2.75 2.75 0.79 2.75 2.75 2.75 0.0 0.0 1.96 0.0 0.0 0.0 0.0 0.0 0.0 
0.0 0.0 0.0 2.75 0.79 0.0 0.79 0.0 0.0 2.75 0.79 0.0 0.79 0.79 0.0 0.0 2.75 0.0 0.0 1.18 1.96 1.18 0.79 0.0 1.18 0.0 2.75 0.0 2.75 0.0 1.96 0.0 0.0 0.79 2.75 0.0 0.0 2.75 1.57 0.0 0.0 0.0 0.0 1.18 1.57 0.0 1.18 0.0 0.79 0.0 0.0 2.75 0.79 0.0 2.75 0.0 0.0 0.0 2.75 0.0 1.96 0.79 0.0 0.0 1.96 1.96 1.96 1.96 2.75 0.0 2.75 1.18 2.75 0.0 2.75 2.75 2.75 0.0 2.75 0.0 0.79 0.0 0.0 2.75 0.0 0.0 0.79 0.0 2.75 0.0 1.57 0.0 2.75 2.75 0.0 0.0 
0.0 0.0 1.96 0.79 2.36 1.18 0.79 2.75 0.0 2.75 0.0 2.36 2.36 2.36 0.0 2.36 2.75 1.96 0.0 0.0 0.79 0.79 0.0 1.57 0.0 1.18 0.0 0.0 0.0 1.57 2.36 2.36 0.0 0.0 0.79 1.96 0.0 2.75 2.36 0.0 2.75 0.0 2.75 2.75 2.75 2.75 2.36 2.75 0.0 2.36 0.0 2.36 2.75 0.0 2.36 1.96 0.0 2.36 0.0 0.0 1.57 1.57 1.57 2.75 1.96 2.36 1.57 2.36 0.79 0.0 1.57 0.0 2.75 0.0 0.79 2.75 0.0 0.0 0.0 0.0 0.79 2.36 0.0 2.75 0.0 0.0 0.0 0.0 0.0 0.0 0.79 2.36 1.18 0.0 0.0 0.0 
1.57 0.79 2.75 0.0 0.0 0.0 1.18 0.0 2.75 0.0 0.0 2.36 2.36 1.96 0.79 0.0 2.75 1.18 0.0 2.36 1.96 1.57 2.75 0.0 1.57 0.0 0.0 1.18 1.18 1.18 1.57 0.0 2.75 0.0 0.79 2.75 1.96 2.75 0.0 0.0 0.0 0.79 1.57 0.0 2.36 0.0 2.75 0.0 0.0 0.0 2.75 2.75 2.75 0.0 1.18 0.0 0.0 0.0 0.0 0.79 0.0 0.79 0.0 2.75 2.36 1.96 1.96 1.57 2.75 0.0 1.96 2.75 0.79 0.79 1.57 0.0 2.75 2.75 0.0 2.75 0.0 2.75 0.0 0.0 2.75 0.0 0.0 0.79 1.18 2.75 0.0 0.0 2.75 2.36 0.0 0.0 
0.79 1.57 0.0 0.0 0.0 0.0 0.0 0.79 1.18 0.0 0.0 0.0 2.75 2.36 1.57 0.79 0.0 1.96 0.0 0.0 2.75 0.0 0.0 0.0 1.57 1.18 0.0 0.0 0.0 1.57 0.0 2.75 0.0 0.0 0.0 0.0 0.79 2.36 0.0 2.75 2.75 0.0 2.75 2.75 1.96 0.0 1.96 0.0 1.96 1.96 0.0 0.79 0.0 2.75 2.75 0.0 1.57 2.36 1.57 2.36 0.0 1.57 0.0 1.18 1.18 1.96 2.36 0.0 2.75 1.57 1.18 0.0 0.0 0.0 1.96 1.18 2.75 1.18 0.0 1.18 0.0 0.79 0.0 0.0 0.0 2.75 0.0 0.0 0.0 1.18 0.0 2.36 1.18 1.57 1.18 0.0 
0.0 0.79 0.79 0.0 0.0 0.0 2.36 2.75 0.0 2.75 0.0 0.0 2.75 0.0 1.18 2.36 0.0 1.18 0.0 0.0 1.57 1.18 2.75 0.0 0.0 0.0 0.79 0.0 0.0 0.79 0.0 0.79 2.75 0.0 0.0 0.79 0.79 0.79 2.36 0.79 1.18 0.79 0.0 2.75 0.0 0.0 0.0 0.0 0.0 0.0 2.75 2.75 0.0 2.75 0.0 0.0 2.75 2.75 0.0 2.75 1.96 0.0 0.0 0.0 1.18 2.75 2.36 2.36 1.18 1.57 2.75 1.57 2.75 1.96 1.57 0.0 0.79 2.75 0.0 0.0 2.75 2.75 0.0 2.36 0.0 0.0 1.57 1.96 0.0 0.0 0.0 2.36 2.36 0.0 2.36 0.0 
0.0 2.75 0.0 1.57 0.0 0.0 1.57 2.36 0.0 2.75 0.0 2.75 2.75 2.75 0.0 1.57 1.96 0.0 2.75 0.0 0.79 1.18 0.0 1.57 0.0 2.75 2.75 0.0 0.0 1.18 0.0 0.0 0.79 0.0 0.0 1.96 1.96 0.0 2.75 2.75 1.18 0.0 0.0 0.0 2.75 0.0 0.0 0.0 0.79 2.75 2.75 2.75 2.75 2.75 1.57 1.18 1.18 1.18 0.0 2.75 2.75 2.75 2.75 0.0 0.79 2.75 1.57 2.36 1.96 0.0 0.0 1.57 1.57 1.57 2.36 2.75 2.75 1.57 2.75 0.0 0.0 0.0 0.0 2.75 0.0 0.0 1.57 0.0 0.0 0.0 2.75 0.0 0.0 0.0 0.0 0.0 
0.0 2.75 1.57 0.0 0.0 1.57 1.96 1.57 1.96 1.18 0.0 0.0 1.18 0.0 1.57 0.0 2.75 1.18 0.0 0.79 0.79 0.79 0.0 2.36 0.79 2.75 1.57 2.75 0.0 0.79 0.0 0.0 1.57 0.0 0.0 0.0 0.79 2.75 0.0 0.79 2.36 2.75 1.57 0.0 0.0 0.0 0.0 0.0 0.0 0.0 0.0 0.0 0.79 1.57 0.0 2.75 1.18 0.0 1.18 2.36 1.96 2.75 0.79 2.75 0.79 1.57 1.57 2.36 0.0 1.18 1.18 1.57 1.18 1.96 1.57 1.96 0.0 1.18 1.96 0.79 1.96 0.0 0.0 1.96 2.36 0.79 1.57 0.79 0.0 0.0 1.18 0.0 0.0 1.96 0.0 0.0 
1.18 0.0 2.75 1.96 0.79 2.75 0.0 0.0 0.79 1.57 2.75 0.79 1.57 0.79 0.0 2.75 0.0 0.0 1.18 0.0 2.75 2.75 2.75 2.75 0.0 0.0 0.0 0.79 0.0 2.36 0.0 2.75 0.0 0.0 2.75 0.0 0.0 0.79 0.0 0.0 0.0 2.75 1.18 0.0 2.75 0.0 0.0 2.36 2.75 0.0 0.0 2.75 0.0 2.75 0.0 1.18 0.0 0.0 0.79 2.75 0.0 2.36 2.36 0.0 0.79 0.79 2.75 2.75 1.57 1.18 1.96 1.57 1.57 1.96 2.36 1.18 2.75 0.0 1.18 0.0 1.57 1.96 0.0 0.79 0.0 0.0 0.0 2.75 0.0 0.0 0.0 0.0 1.57 2.75 1.57 0.0 
0.79 0.0 0.0 0.79 0.0 0.0 1.18 0.0 2.36 0.0 0.79 0.0 0.79 1.18 0.0 0.0 2.75 2.75 0.0 1.96 0.79 0.0 1.57 0.79 0.0 0.79 0.79 0.0 2.75 0.0 0.0 0.0 0.0 0.79 0.79 0.79 0.79 0.0 2.75 0.0 0.79 0.79 1.57 1.18 1.96 2.75 0.0 0.0 0.0 0.0 0.0 0.0 0.0 2.36 1.18 0.0 0.0 0.0 1.18 1.18 1.57 0.0 1.96 0.0 1.18 0.0 1.57 1.18 1.57 1.18 1.18 1.57 1.96 1.18 1.57 0.0 1.18 1.18 0.79 0.0 1.18 0.0 0.79 1.18 0.0 2.75 1.18 0.0 1.18 2.36 0.0 0.0 2.36 0.79 0.79 0.0 
0.0 0.0 1.18 0.0 2.75 0.0 1.18 1.18 0.0 0.79 1.57 0.79 0.79 0.0 0.79 2.36 2.36 0.0 0.0 0.0 2.75 2.75 1.18 1.57 0.79 2.75 1.57 0.0 0.79 0.0 0.0 2.36 0.79 0.0 0.79 0.79 0.0 0.79 0.0 0.0 0.0 2.75 0.0 0.79 0.0 0.79 0.79 0.0 0.0 0.0 0.0 0.0 1.96 2.36 2.75 0.0 2.75 2.75 0.0 0.0 0.0 1.96 0.79 0.0 0.0 0.0 2.36 0.79 0.79 1.18 1.18 0.79 0.0 0.79 0.0 1.57 1.57 0.0 0.0 1.57 0.0 0.0 0.79 0.79 2.36 0.0 1.18 0.0 1.57 1.18 0.0 1.18 0.0 2.75 0.0 0.0 
1.96 1.18 2.75 0.0 2.36 0.0 0.0 0.79 2.36 1.57 0.0 0.0 2.75 1.57 0.79 2.75 2.75 2.36 2.75 1.57 2.75 2.75 0.0 2.75 1.57 2.75 0.0 0.0 0.0 0.79 0.79 0.79 0.79 0.79 1.57 2.75 0.0 0.0 0.0 0.0 2.75 0.0 0.0 0.0 0.0 0.0 0.79 0.79 1.57 2.36 0.0 0.0 0.79 0.0 2.75 2.75 2.75 0.0 2.75 0.0 0.79 0.79 1.57 1.57 0.0 2.75 0.0 1.18 0.79 0.79 0.79 1.57 1.18 0.79 0.79 0.0 1.57 0.0 0.79 1.57 1.18 2.75 0.0 2.75 1.57 0.0 2.75 2.75 0.79 0.0 2.75 0.0 1.57 0.79 0.0 0.0 
2.75 1.57 0.0 2.36 0.0 0.0 1.57 2.75 0.0 2.75 0.0 0.0 2.75 1.57 0.0 0.0 0.79 2.75 2.75 2.75 1.57 2.75 2.75 0.0 1.57 0.0 0.79 0.0 0.0 0.79 1.57 1.57 2.75 1.18 2.75 2.75 0.0 0.0 0.0 0.0 0.0 0.0 0.0 0.0 1.18 0.0 0.79 0.79 0.79 0.0 0.0 2.75 2.36 1.96 0.0 0.0 2.75 2.75 2.75 1.57 0.79 0.0 2.75 0.0 0.0 2.75 0.0 1.18 0.79 0.79 0.79 0.79 0.0 0.79 1.57 1.57 0.0 0.0 2.75 0.0 0.79 0.0 0.0 1.18 2.75 0.0 1.18 0.79 0.79 0.0 1.18 0.0 0.0 2.75 1.57 0.0 
0.79 2.75 2.75 2.75 2.75 0.79 0.0 0.0 0.0 1.96 0.0 0.0 1.18 1.18 0.79 0.0 0.0 1.96 2.36 2.75 2.75 2.75 0.79 0.0 0.79 0.0 0.0 2.75 2.75 2.75 2.75 2.75 2.75 2.75 0.0 2.75 0.0 0.0 0.0 0.0 0.0 1.96 0.0 0.0 1.18 1.18 0.0 2.75 1.18 0.0 2.75 0.0 0.0 1.57 2.75 0.0 2.75 2.75 0.0 2.75 0.0 2.75 0.0 0.0 0.0 2.75 0.0 0.0 0.79 0.79 2.75 0.79 0.0 1.57 0.0 0.79 1.18 0.79 0.0 0.0 2.36 0.0 0.0 1.96 2.36 0.79 0.79 0.0 1.96 0.79 0.79 0.0 0.0 0.0 1.96 0.0 
2.75 0.0 2.36 0.79 2.36 1.57 0.0 2.75 0.79 1.18 1.57 1.57 0.79 2.36 0.79 0.0 0.79 0.0 2.75 1.18 2.75 2.36 2.75 2.75 1.57 2.75 2.75 2.75 2.75 2.75 2.75 2.75 0.0 2.75 2.75 2.75 1.96 1.96 2.75 2.36 2.75 2.75 2.36 2.36 1.57 0.0 0.0 0.0 2.36 2.36 0.0 0.0 1.96 0.79 1.18 0.79 1.96 1.96 0.79 1.18 0.0 0.0 0.0 0.0 0.0 0.0 0.79 0.79 2.75 1.18 0.0 2.75 0.0 1.57 0.0 0.0 0.0 0.0 0.0 0.0 0.79 0.0 0.0 1.18 0.0 0.0 1.57 0.0 0.79 0.79 0.0 2.75 0.0 0.0 0.0 0.0 
2.75 0.0 2.75 0.0 0.0 2.75 1.18 2.36 0.79 2.75 1.57 0.0 2.75 0.79 0.79 2.36 0.0 0.79 2.75 0.0 2.75 2.36 1.57 1.18 2.36 2.75 2.36 2.75 0.0 2.75 2.75 2.75 0.0 0.0 2.75 2.75 2.75 2.75 0.0 2.75 2.75 0.0 2.75 1.18 1.18 0.0 0.0 0.0 0.0 0.0 0.0 1.18 1.18 2.36 1.18 0.0 1.57 0.79 0.0 0.79 0.0 0.79 0.79 0.0 0.79 0.79 0.79 0.0 1.18 1.96 0.0 0.79 0.79 1.96 0.0 1.57 0.0 2.75 0.0 0.79 0.0 0.79 0.0 0.0 0.0 0.0 2.75 0.0 0.0 0.0 1.57 1.18 1.18 1.96 1.96 0.0 
2.75 0.0 0.79 0.0 0.79 0.0 1.96 2.75 1.57 2.75 0.0 0.0 1.57 2.36 1.96 0.0 2.75 0.0 0.0 1.96 2.75 0.0 2.36 1.57 1.57 0.0 2.75 1.18 2.75 1.57 0.0 0.0 2.75 0.0 2.36 2.36 2.36 1.18 2.75 2.75 2.75 2.75 1.18 0.79 0.0 0.0 0.0 0.0 0.0 2.75 1.18 2.36 0.0 1.96 0.79 2.36 2.75 0.0 0.0 0.0 0.0 0.0 0.0 0.0 0.0 0.79 0.79 0.0 2.75 0.79 2.75 0.79 0.0 0.79 0.0 0.0 1.18 0.0 2.36 0.0 0.0 0.0 0.0 0.0 0.0 2.36 0.0 2.75 0.0 0.0 0.0 2.75 1.96 0.79 0.79 0.0 
0.79 2.36 2.75 2.75 2.75 0.0 2.75 2.75 1.57 2.75 0.0 0.79 0.0 1.18 1.96 2.75 2.75 0.0 1.57 0.0 0.0 0.79 0.79 2.36 2.36 2.36 2.75 1.57 0.79 0.0 0.0 0.0 0.0 0.79 0.79 1.18 2.36 2.36 1.96 1.18 2.75 2.75 2.36 2.75 2.75 0.0 0.0 2.75 0.0 1.18 2.36 0.0 0.0 0.0 0.0 0.0 0.0 0.0 0.0 0.0 0.0 0.79 0.79 0.0 0.79 0.79 0.79 1.18 0.79 0.0 1.18 2.75 2.36 0.0 1.96 0.79 0.0 0.0 0.0 1.18 1.96 0.0 1.18 0.0 0.0 0.0 0.79 0.0 0.0 0.0 1.57 0.0 2.75 2.75 0.0 0.0 
0.79 0.0 2.75 1.57 0.0 1.18 1.18 2.36 2.75 0.0 2.75 0.0 2.75 1.57 0.0 0.0 2.75 0.79 1.18 2.75 0.79 0.79 1.57 1.96 2.75 2.75 2.36 2.75 2.75 2.75 1.57 0.0 2.75 0.79 0.79 0.0 2.75 2.75 2.36 0.0 2.75 1.57 2.75 2.75 2.75 2.75 0.0 2.75 2.75 0.0 2.75 0.0 0.0 2.75 0.0 0.0 0.0 0.0 0.0 0.0 0.0 0.0 0.0 0.79 0.0 1.18 1.57 1.96 1.57 0.0 2.75 0.79 1.18 2.75 0.0 0.79 0.0 1.18 1.96 0.0 0.0 2.36 0.79 1.96 0.0 1.18 2.75 1.96 0.79 1.57 2.36 0.79 2.75 2.36 0.0 0.0 
0.79 1.57 1.57 1.96 0.0 2.75 0.0 1.18 1.57 0.0 1.18 2.75 2.75 0.0 1.57 1.57 0.0 0.79 1.18 1.57 0.0 0.79 0.0 0.0 0.79 2.75 2.75 2.75 2.36 2.75 2.75 2.75 0.0 0.0 2.75 0.0 2.75 2.75 2.36 2.75 0.0 0.0 2.75 2.36 2.75 2.75 0.0 2.75 2.75 0.0 0.0 2.75 0.0 0.0 2.75 0.0 0.0 0.0 0.0 0.0 0.0 0.0 0.0 1.57 0.0 0.79 0.0 1.18 1.96 0.79 0.0 0.0 1.57 0.0 0.0 0.0 2.75 0.0 0.0 2.75 0.0 2.75 0.0 1.18 2.75 2.36 0.0 0.0 2.75 2.75 0.79 0.0 0.0 0.0 0.0 0.0 
1.96 0.0 0.79 2.36 1.96 0.79 0.0 2.75 1.96 2.75 2.36 2.75 1.57 0.79 0.0 0.0 0.0 0.0 0.0 0.79 0.79 0.0 1.96 0.79 0.79 2.36 0.0 2.36 2.75 2.75 0.0 0.0 0.0 0.79 0.0 2.75 2.75 0.0 0.0 0.0 0.79 0.0 0.0 1.18 2.75 2.75 0.0 2.75 1.18 2.75 0.0 0.0 0.0 0.0 2.75 2.75 2.75 0.0 0.0 0.79 0.0 0.0 0.0 0.0 1.18 0.79 1.96 0.0 0.79 0.79 0.79 1.57 1.18 1.96 0.0 0.0 0.0 0.0 2.75 0.0 0.79 0.79 0.79 0.0 0.0 0.0 0.0 2.75 0.0 1.18 0.0 0.0 0.79 0.0 0.0 0.0 
0.79 2.75 1.96 2.36 1.57 1.57 1.57 2.75 1.18 1.96 1.96 2.75 2.36 0.0 2.75 0.0 2.75 1.96 0.79 2.75 0.0 1.96 0.79 2.75 1.96 0.0 0.0 2.36 2.36 0.0 0.0 2.75 2.75 0.0 0.0 2.75 2.75 2.36 1.18 2.75 1.96 2.36 0.0 2.75 0.0 2.75 0.0 0.0 2.75 0.79 2.75 0.0 0.0 0.0 0.0 0.0 0.79 2.75 0.0 1.18 0.0 1.18 2.75 0.79 1.96 0.79 1.18 0.0 0.79 0.79 2.75 1.18 0.0 1.18 0.0 0.0 2.75 0.0 1.18 2.75 0.0 0.0 0.0 0.0 0.0 0.0 1.96 0.0 0.0 0.0 2.36 0.79 0.79 0.0 0.0 0.0 
1.57 1.57 1.18 0.79 2.36 0.0 2.75 1.18 2.36 0.0 1.96 2.36 1.57 2.75 2.36 0.0 2.75 0.0 2.36 1.96 0.0 0.79 2.75 0.0 1.96 1.18 0.0 1.18 0.0 2.75 0.0 2.75 0.0 0.0 2.75 2.75 2.75 0.0 2.75 0.0 0.0 2.75 2.75 0.0 0.0 0.0 0.0 0.0 0.0 0.0 0.0 0.0 0.0 2.75 1.57 0.0 0.0 0.0 1.57 0.79 0.79 0.0 0.0 0.79 0.79 0.79 2.75 0.79 0.79 0.0 0.79 1.57 0.0 0.0 0.0 0.0 0.79 0.79 2.75 2.75 0.0 0.79 0.0 1.18 0.0 2.75 0.0 0.0 1.18 0.0 0.0 0.0 0.79 1.96 0.0 0.0 
0.79 0.0 0.0 0.79 1.18 2.75 2.75 1.57 1.18 2.36 2.75 2.75 1.18 1.96 2.36 0.0 0.0 2.36 0.79 2.75 0.79 0.79 0.79 0.0 0.79 0.0 0.0 1.18 2.36 2.36 0.0 2.36 0.0 0.0 0.0 0.79 0.0 0.0 0.0 0.0 0.0 0.0 0.0 0.0 0.0 0.0 2.75 0.79 0.0 0.0 1.57 0.0 0.0 0.0 1.57 1.96 0.0 0.0 1.57 0.0 0.0 0.0 0.0 0.0 2.75 0.0 0.79 2.75 0.0 1.18 2.36 0.0 2.75 1.96 0.0 1.57 0.0 2.36 2.75 0.79 1.57 1.18 0.0 0.0 0.0 0.0 0.0 1.57 0.0 0.79 2.75 0.0 1.18 0.0 1.57 0.0 
1.18 0.79 1.18 1.18 0.79 2.36 2.36 2.36 1.57 1.18 0.0 2.75 0.0 2.36 0.79 1.57 0.0 0.79 1.18 0.79 0.79 0.0 1.18 0.0 0.0 0.0 0.0 2.36 2.36 2.75 0.0 0.0 0.0 0.0 0.0 0.0 0.0 0.0 0.79 0.0 0.0 0.0 0.0 2.75 0.0 0.0 0.0 0.0 0.0 1.96 0.0 0.79 2.75 0.0 0.0 2.75 2.75 0.0 2.75 0.0 0.0 0.79 0.0 0.0 0.0 0.0 2.75 1.57 0.0 2.75 2.75 0.0 0.79 1.57 0.0 2.36 2.75 0.0 1.57 0.0 0.0 0.0 2.75 1.57 0.79 0.0 0.0 0.0 0.0 0.0 0.0 0.0 0.0 0.0 0.0 0.0 
1.57 2.75 1.57 1.18 0.0 1.96 1.57 2.36 1.57 0.0 0.79 2.75 1.57 1.57 2.36 0.79 0.0 2.75 1.18 0.79 0.0 1.57 0.0 2.75 0.0 2.75 0.79 0.0 2.75 2.36 0.79 2.36 0.0 2.36 0.0 0.0 0.0 0.0 1.57 0.0 0.79 0.79 1.57 1.18 0.0 0.0 0.0 0.0 0.0 2.75 0.0 0.0 2.36 0.0 1.57 0.0 0.0 0.0 0.0 1.96 0.0 0.0 0.0 0.0 2.75 2.36 0.0 1.18 1.18 0.0 0.0 1.96 0.0 2.75 0.0 0.79 2.75 0.0 0.0 2.36 0.0 0.0 0.0 0.79 0.79 0.0 2.75 0.0 2.75 0.0 0.0 0.79 0.0 2.36 0.0 0.0 
1.96 2.75 2.36 1.18 2.75 0.0 0.0 2.36 1.96 2.36 2.75 0.0 2.36 1.18 0.0 2.75 1.96 2.75 1.18 1.57 0.0 1.57 0.79 1.96 0.0 2.75 1.57 1.57 1.57 0.0 1.96 0.79 0.0 0.0 0.79 0.0 0.0 0.0 1.18 2.36 0.0 0.0 0.0 0.79 1.57 2.75 0.0 0.0 2.75 2.75 0.0 0.79 2.36 1.57 0.79 2.36 0.0 0.0 0.79 1.57 1.18 0.0 0.79 0.0 0.79 1.57 0.0 0.79 1.18 0.79 1.18 0.0 1.18 2.75 0.0 0.0 0.0 0.0 1.18 2.75 0.0 1.57 1.18 1.57 0.0 0.0 0.0 0.0 0.79 2.75 0.0 2.36 2.75 0.0 0.79 0.0 
0.0 0.0 1.18 1.18 0.0 2.75 2.75 1.18 0.0 2.75 1.57 1.57 1.18 1.57 1.96 1.57 2.36 2.75 1.18 2.75 1.57 1.57 2.36 2.36 1.57 0.79 1.57 1.57 1.18 0.0 0.0 0.0 1.96 2.75 0.0 0.0 1.57 0.79 1.57 2.36 0.0 2.75 0.0 0.0 0.79 0.79 2.75 0.0 0.0 0.0 0.0 0.0 0.0 1.96 0.0 0.79 2.75 0.0 0.79 1.96 1.18 0.0 1.18 1.57 0.79 1.18 1.18 0.0 0.0 0.79 2.75 0.79 2.75 0.0 2.75 0.0 1.18 0.0 0.0 0.79 0.0 0.0 0.0 2.75 0.0 0.0 1.96 0.79 0.0 0.0 2.75 2.75 2.36 0.0 2.75 0.0 
2.75 2.75 2.75 0.0 1.57 1.57 2.75 1.57 0.79 2.36 1.18 0.79 1.57 2.36 1.96 1.57 2.75 0.0 0.0 2.75 0.79 2.75 2.75 0.0 0.79 2.75 2.36 2.75 2.36 0.0 1.96 0.0 1.18 2.75 2.36 1.18 1.96 2.75 0.79 2.75 0.0 2.75 0.79 2.75 2.75 2.75 2.75 0.0 1.57 0.0 0.0 0.0 0.0 0.0 2.75 2.75 0.0 1.18 0.79 0.0 0.0 2.75 0.0 0.0 2.75 2.75 2.75 1.57 0.79 0.0 0.0 0.0 0.0 0.0 0.0 0.79 0.0 0.0 0.79 0.0 1.18 2.36 0.0 2.75 0.79 0.0 0.0 0.0 0.0 0.0 0.0 0.0 0.79 0.0 1.57 0.0 
2.75 0.0 2.36 0.0 2.75 1.96 1.96 1.18 2.75 2.75 2.36 2.75 0.79 0.79 1.18 1.57 1.18 0.0 1.18 2.36 1.57 1.18 1.57 0.0 0.79 2.75 2.75 1.18 2.36 0.0 2.75 0.0 0.79 1.96 0.0 2.36 1.18 0.0 1.57 0.79 0.79 0.0 2.75 2.75 1.18 0.0 0.79 2.75 0.0 0.0 0.0 0.0 0.0 0.0 0.0 2.75 0.79 2.75 0.0 0.79 1.57 0.0 0.0 0.0 0.0 1.18 0.0 0.79 0.79 0.79 1.57 1.18 0.0 2.75 0.0 0.79 1.57 0.0 0.0 1.18 0.0 0.0 1.18 0.0 2.36 0.79 0.0 1.18 0.79 0.79 0.79 0.79 0.0 0.0 0.79 0.0 
0.79 1.96 1.57 1.18 0.0 0.0 0.79 1.57 2.36 1.57 1.96 1.18 2.75 1.96 1.96 2.36 1.96 1.18 1.96 0.0 1.57 2.75 1.18 0.0 0.79 1.18 0.79 2.75 2.75 0.0 2.75 0.0 0.0 1.18 2.36 1.18 0.0 0.0 2.75 2.75 2.75 0.79 2.75 0.79 0.0 0.0 0.0 0.0 0.0 2.75 0.0 0.0 0.0 0.79 0.0 0.0 0.0 0.0 0.0 0.0 0.0 0.0 0.0 0.79 0.79 0.0 0.0 2.75 0.79 0.79 1.96 1.96 2.75 2.75 1.18 2.75 2.75 0.0 0.0 2.75 0.0 0.0 2.75 1.18 1.18 2.75 1.96 2.36 0.0 1.57 0.0 0.0 2.75 0.0 0.0 0.0 
1.57 0.0 0.0 1.96 2.75 2.75 0.0 1.18 2.75 1.57 0.79 0.79 0.0 2.36 0.0 1.18 0.79 2.75 1.18 2.75 0.79 1.18 1.57 1.18 0.0 0.79 2.75 0.0 0.79 0.0 1.18 0.79 0.0 0.0 2.75 0.0 0.0 1.57 1.57 0.0 1.18 0.79 0.0 0.0 2.75 1.96 0.0 2.75 0.0 2.36 0.0 0.0 0.0 0.0 0.0 0.0 0.0 1.57 2.75 1.18 1.18 0.0 0.0 0.0 0.79 1.96 2.75 1.57 0.0 0.79 0.79 1.96 0.79 0.79 0.0 0.0 2.75 0.0 2.36 0.79 0.0 2.36 2.75 0.0 0.0 0.79 2.75 1.18 2.36 1.18 2.75 0.79 2.36 0.0 2.75 0.0 
0.79 0.0 1.57 1.18 0.0 0.0 1.96 1.96 0.79 0.79 1.57 0.0 1.96 1.57 2.75 0.79 2.75 1.57 0.0 1.96 1.96 0.0 0.79 0.79 2.75 2.75 0.0 0.0 1.57 0.0 0.0 1.57 0.0 0.79 2.75 1.18 0.0 0.0 2.75 0.0 0.0 0.0 0.0 1.18 0.0 1.57 2.36 0.0 0.0 0.79 2.75 0.0 0.0 1.96 0.79 0.0 0.0 1.57 0.0 2.75 2.75 1.57 0.0 2.75 0.0 0.0 0.79 1.18 0.0 2.75 1.96 0.79 1.96 0.0 2.75 2.75 0.0 1.96 0.0 0.0 2.75 0.0 2.75 0.0 0.79 0.0 1.96 0.79 0.0 0.79 0.0 0.0 0.79 0.0 2.75 0.0 
2.75 2.75 0.79 1.96 2.36 0.0 1.57 1.57 0.79 1.18 2.36 0.0 0.79 0.0 2.36 1.57 1.57 2.36 1.18 1.57 0.79 0.0 2.75 1.18 0.0 0.0 2.75 2.75 0.0 2.75 0.0 0.79 1.96 2.36 0.79 2.36 0.0 2.75 0.79 1.96 1.18 0.0 0.0 0.79 1.18 0.0 0.0 0.0 1.18 0.0 0.0 1.18 2.75 0.79 2.36 0.79 2.36 0.0 2.75 2.75 0.0 0.0 2.75 1.18 0.0 2.75 2.75 2.36 1.57 0.79 0.0 0.0 2.75 0.0 2.75 0.0 2.36 0.79 0.79 0.79 2.75 1.96 1.18 1.57 1.18 1.18 2.75 2.36 2.75 0.0 1.18 2.36 1.96 0.79 1.18 0.0 
2.75 0.0 2.75 0.79 1.57 0.0 2.75 2.75 1.18 1.96 0.0 2.75 1.57 1.96 1.18 1.96 2.36 0.79 0.79 2.36 0.0 0.0 2.75 0.79 0.0 0.0 0.0 1.18 2.36 0.0 1.57 1.96 1.57 0.0 1.57 0.0 1.18 1.18 2.75 2.75 0.0 0.0 1.18 0.0 2.36 0.79 1.96 1.96 0.0 0.0 0.79 1.18 2.75 0.0 2.75 2.75 0.0 2.75 0.79 2.36 0.79 0.79 0.0 0.79 2.36 2.75 0.0 0.0 0.0 2.75 0.0 2.75 2.75 0.79 2.36 1.57 1.96 0.0 0.0 2.75 2.75 0.0 2.36 2.75 0.0 0.0 2.75 1.57 0.0 0.0 2.75 0.0 2.75 0.0 0.0 0.0 
0.0 2.75 1.96 1.18 2.75 1.96 2.75 2.75 0.0 0.0 1.18 1.57 1.96 2.36 0.0 1.18 1.57 1.18 0.79 1.18 1.57 0.0 2.75 1.57 0.79 0.0 2.75 1.18 0.0 0.0 0.0 0.0 0.0 0.0 0.0 2.75 0.0 1.57 0.0 0.79 0.79 0.0 0.0 0.79 0.79 0.0 0.0 0.0 1.96 0.79 0.0 0.0 0.0 1.18 2.36 0.0 2.75 0.0 0.0 0.79 0.79 0.0 0.79 0.79 0.79 0.79 2.75 2.75 2.75 1.57 0.0 2.75 0.0 0.79 2.36 1.18 1.96 2.36 1.96 2.36 0.0 0.0 2.75 2.75 1.96 0.0 0.0 1.96 1.96 2.36 2.75 1.57 0.0 2.36 2.75 0.0 
2.75 0.0 0.79 1.57 2.75 2.75 1.57 2.75 1.57 2.36 1.18 2.75 1.18 2.75 2.75 1.18 0.0 1.57 2.75 0.79 2.36 0.0 0.0 0.0 0.79 0.0 2.75 2.36 0.0 2.75 1.18 2.75 0.0 0.0 0.79 1.96 0.79 0.0 0.0 2.36 1.96 1.18 1.18 0.0 0.0 0.0 0.0 0.79 1.18 1.18 1.57 0.79 0.0 0.0 1.96 1.96 1.18 0.79 2.75 2.36 0.0 1.18 2.75 1.18 0.0 1.96 0.79 0.79 1.96 2.75 0.0 0.79 0.0 2.75 0.0 0.79 1.57 0.79 1.57 1.18 0.79 0.79 0.0 1.96 0.0 0.0 1.57 0.0 2.75 2.75 1.18 2.75 0.0 0.0 0.0 0.0 
2.75 2.75 0.0 0.79 0.0 2.36 2.36 2.75 0.0 1.18 1.96 1.18 1.96 1.18 0.0 1.57 1.18 0.0 1.96 1.96 0.79 0.0 0.0 0.79 0.0 1.96 1.57 0.0 0.0 0.0 1.96 1.96 1.18 1.18 0.79 1.96 0.79 1.57 1.18 0.0 0.0 0.79 1.57 0.79 0.79 1.96 0.0 2.75 2.75 0.0 2.75 0.0 0.0 0.79 0.0 0.0 0.0 1.18 0.0 0.79 0.0 0.0 2.75 2.75 1.96 1.57 0.0 2.75 0.0 0.79 0.79 2.36 0.0 1.96 2.75 0.0 2.75 1.57 1.96 2.75 0.0 1.96 1.18 0.0 2.36 1.57 0.0 1.18 0.79 2.36 0.79 2.36 0.0 2.36 1.96 0.0 
0.0 0.0 0.0 0.0 0.0 0.0 0.0 0.0 0.0 0.0 0.0 0.0 0.0 0.0 0.0 0.0 0.0 0.0 0.0 0.0 0.0 0.0 0.0 0.0 0.0 0.0 0.0 0.0 0.0 0.0 0.0 0.0 0.0 0.0 0.0 0.0 0.0 0.0 0.0 0.0 0.0 0.0 0.0 0.0 0.0 0.0 0.0 0.0 0.0 0.0 0.0 0.0 0.0 0.0 0.0 0.0 0.0 0.0 0.0 0.0 0.0 0.0 0.0 0.0 0.0 0.0 0.0 0.0 0.0 0.0 0.0 0.0 0.0 0.0 0.0 0.0 0.0 0.0 0.0 0.0 0.0 0.0 0.0 0.0 0.0 0.0 0.0 0.0 0.0 0.0 0.0 0.0 0.0 0.0 0.0 0.0 
